point
46.738602,-64.9752029
48.272837,-70.507971
45.3095043,-74.0590779
43.7764258,-79.2317521
45.6159585,-73.5693509
45.6066487,-73.712409
45.4514357,-73.4619103
45.523808,-73.672122
45.4914207,-73.5605322
45.4985638,-73.7497567
45.6919254,-73.6951821
42.9377453,-74.190356
33.7748275,-84.2963123
46.3546803,-72.5837866
45.5369442,-73.5107131
45.6066487,-73.712409
45.5016889,-73.567256
45.8802909,-72.4842824
45.6159585,-73.5693509
53.544389,-113.4909267
42.9869502,-81.243177
47.835957,-69.5359854
45.5369442,-73.5107131
45.4853584,-73.4786541
45.305771,-73.2544903
35.8240265,-80.2533838
47.0479934,-67.7399015
45.7236192,-65.5108761
43.8374576,-66.117382
46.3933777,-63.7902331
46.36804,-72.0021189
45.5913698,-73.4364097
46.3546803,-72.5837866
46.8138783,-71.2079809
45.2664863,-72.1479889
48.886394,-72.215741
46.2274055,-72.6191742
32.8795022,-111.7573521
45.4009928,-71.8824288
61.2180556,-149.9002778
45.9309787,-74.0247596
47.902586,-73.786343
45.6688961,-73.8728751
45.6126338,-73.8383733
45.6066487,-73.712409
45.5016889,-73.567256
45.4514357,-73.4619103
46.3546803,-72.5837866
46.5618559,-72.7435254
39.4183689,-92.4382367
54.782355,-127.1685541
50.9732416,-113.6795569
54.7214094,-113.2861822
51.0486151,-114.0708459
52.9579698,-113.9996689
49.3829931,-121.4424751
51.6510712,-120.0381726
49.0253085,-122.802962
49.2827291,-123.1207375
49.0300946,-118.4451392
49.006039,-116.180387
49.0743308,-122.5593218
50.6863017,-121.9367502
50.6863017,-121.9367502
49.032304,-119.468163
49.032304,-119.468163
49.2338882,-124.8055494
49.6073297,-119.6768815
49.0743308,-122.5593218
39.9259463,-75.1196199
45.4662822,-73.8280365
49.5285279,-96.691092
43.1942126,-79.5624195
42.9869502,-81.243177
45.6810341,-73.4374973
46.255087,-72.009402
49.2827291,-123.1207375
49.2827291,-123.1207375
45.4215296,-75.6971931
18.3849765,-66.1283826
45.6306875,-72.9563391
45.6159585,-73.5693509
43.653226,-79.3831843
45.4895636,-73.8205567
45.441347,-73.6885847
48.4280529,-71.0684923
45.5016889,-73.567256
45.5016889,-73.567256
46.1229184,-70.670352
46.1229184,-70.670352
46.1229184,-70.670352
46.1229184,-70.670352
49.6735133,-124.9282659
45.4985638,-73.7497567
49.8879519,-119.4960106
54.604353,-128.65152
49.2488091,-122.9805104
49.2757019,-123.1199065
45.6397183,-73.8439099
45.5016889,-73.567256
46.8138783,-71.2079809
46.8138783,-71.2079809
46.8138783,-71.2079809
46.8138783,-71.2079809
46.8138783,-71.2079809
46.8138783,-71.2079809
46.8138783,-71.2079809
46.8138783,-71.2079809
46.8138783,-71.2079809
46.8138783,-71.2079809
46.8138783,-71.2079809
46.8138783,-71.2079809
46.8138783,-71.2079809
46.8138783,-71.2079809
46.8138783,-71.2079809
48.5187633,-72.2219993
45.5016889,-73.567256
46.8997293,-71.2864748
45.4306269,-73.6348015
45.2312337,-93.6687657
45.6066487,-73.712409
45.6066487,-73.712409
45.6126338,-73.8383733
45.6126338,-73.8383733
43.1570948,-79.4760133
43.3616211,-80.3144276
43.1593745,-79.2468626
43.5890452,-79.6441198
43.0895577,-79.0849436
40.8312096,-73.029552
43.8079675,-79.4591378
42.0834335,-71.0183787
46.0878165,-64.7782313
45.4215296,-75.6971931
46.0952765,-64.7486638
48.5650196,-78.1125205
47.4042859,-61.9015885
47.669159,-65.103807
46.2201972,-64.5346866
47.737241,-69.994983
50.022124,-119.406251
50.1113079,-120.7862222
49.3829931,-121.4424751
50.674522,-120.3272674
49.164808,-122.196549
49.4589588,-120.5061567
45.962693,-66.6406953
49.898479,-119.455254
50.674522,-120.3272674
49.2628382,-122.7810708
50.5562706,-119.1374209
50.998115,-118.195672
49.8900242,-119.3954476
50.674522,-120.3272674
50.674522,-120.3272674
43.7615377,-79.4110794
51.212985,-114.007862
50.0405486,-110.6764258
53.580758,-113.433034
51.0486151,-114.0708459
51.0486151,-114.0708459
50.7254936,-113.9749472
53.5412083,-113.2957365
53.6304753,-113.625642
53.5114948,-113.6450474
61.2180556,-149.9002778
61.2180556,-149.9002778
58.3019444,-134.4197222
30.6953657,-88.0398912
32.3668052,-86.2999689
46.8453524,-100.7852566
33.6555094,-112.42518
33.8333716,-111.9507042
33.4151843,-111.8314724
33.4483771,-112.0740373
33.5311541,-111.9426452
33.4806294,-112.1898976
33.4483771,-112.0740373
32.2217429,-110.926479
32.2217429,-110.926479
32.2315664,-110.8612016
49.054587,-122.328026
49.6841391,-124.9904493
49.8879519,-119.4960106
49.1658836,-123.9400647
49.1044302,-122.801094
49.2827291,-123.1207375
49.2522352,-123.0044164
37.1889902,-121.8448745
38.0049214,-121.805789
38.5815719,-121.4943996
33.1580933,-117.3505939
39.7284944,-121.8374777
32.6400541,-117.0841955
36.8252277,-119.7029194
34.0005691,-118.1597929
37.9779776,-122.0310733
37.8215929,-121.9999606
33.6960922,-117.7813146
32.792,-115.5630514
40.8020712,-124.1636729
34.0922335,-117.435048
37.5585465,-122.2710788
37.5482697,-121.9885719
36.7468422,-119.7725868
33.8703596,-117.9242966
37.0057816,-121.5682751
37.9645773,-121.7063496
37.6688205,-122.0807964
37.6688205,-122.0807964
33.660297,-117.9992265
33.9616801,-118.3531311
33.6839473,-117.7946942
32.7678287,-117.0230839
33.6633573,-116.3100095
37.8857582,-122.1180201
33.5225261,-117.7075526
33.6680772,-117.3272615
33.8536269,-118.1339563
37.6818745,-121.7680088
38.1341477,-121.2722194
37.7974273,-121.2160526
37.3021632,-120.4829677
32.767107,-117.1941153
33.9424658,-117.2296717
37.3860517,-122.0838511
37.3382082,-121.8863286
36.7468422,-119.7725868
34.2381251,-118.530123
38.1074198,-122.5697032
34.2767691,-118.4104684
32.9628232,-117.0358646
34.1063989,-117.5931084
37.4852152,-122.2363548
37.9357576,-122.3477486
38.3396367,-122.7010984
38.7521235,-121.2880059
36.6777372,-121.6555013
32.715738,-117.1610838
32.715738,-117.1610838
32.9065957,-117.1073484
32.715738,-117.1610838
34.1066756,-117.8067257
37.7749295,-122.4194155
37.3275863,-121.8827559
33.5016932,-117.6625509
37.7249296,-122.1560768
33.1433723,-117.1661449
36.6171819,-121.8482855
37.3541079,-121.9552356
36.9741171,-122.0307963
38.440429,-122.7140548
33.8044614,-118.1678456
37.654656,-122.4077498
37.36883,-122.0363496
35.3732921,-119.0187125
33.8358492,-118.3406288
37.7396513,-121.4252227
33.7458511,-117.826166
33.7445477,-117.8207679
38.3565773,-121.9877444
38.1040864,-122.2566367
34.1898566,-118.451357
49.2827291,-123.1207375
34.5362184,-117.2927641
36.3302284,-119.2920585
33.7513419,-117.9939921
38.6785157,-121.7732971
34.165357,-118.6089752
36.3274502,-119.6456844
37.3382082,-121.8863286
39.8027644,-105.0874842
38.8338816,-104.8213634
38.8338816,-104.8213634
39.7392358,-104.990251
39.6469295,-106.9517109
39.5186002,-104.7613633
39.6469319,-105.025261
39.9527634,-105.1685977
39.8680412,-104.9719243
40.5291491,-104.9852533
41.4825947,-73.4095652
41.6612104,-72.7795419
38.500844,-92.0755398
38.9071923,-77.0368707
39.6651122,-75.6599296
26.0764783,-80.2521157
26.438136,-81.8067523
25.6660336,-80.357827
26.5867358,-80.0519859
25.7616798,-80.1917902
25.9087056,-80.3086619
25.9331488,-80.1625463
29.1086303,-81.0520052
27.3364347,-82.5306527
28.5383355,-81.3792365
28.5383355,-81.3792365
30.4382559,-84.2807329
28.0435143,-82.4468401
28.182893,-82.3641751
28.5383355,-81.3792365
33.4734978,-82.0105148
33.8651033,-84.3365917
34.1206564,-84.0043513
33.8894675,-84.4540213
34.2073196,-84.1401926
34.9489645,-85.2569
19.2071135,-155.9017486
21.3445606,-158.0872425
22.050229,-159.8204124
20.7983626,-156.3319253
41.6948907,-91.6331748
47.701689,-116.8622863
43.5407172,-116.5634624
42.8713032,-112.4455344
42.56133,-114.5255806
41.6986416,-88.0683955
41.8565453,-87.6271838
40.666149,-89.5800978
,
42.2333571,-87.9259058
41.8428094,-87.8231138
41.6303103,-87.8539425
41.9141945,-88.3086867
41.079273,-85.1393513
41.6619927,-86.1586156
39.768403,-86.158068
39.768403,-86.158068
37.6871761,-97.330053
38.9989499,-84.6266111
38.0405837,-84.5037164
38.2526647,-85.7584557
38.2526647,-85.7584557
30.4582829,-91.1403196
29.9510658,-90.0715323
30.2240897,-92.0198427
42.2436085,-71.1676536
42.40843,-71.0536625
42.3764852,-71.2356113
49.8997541,-97.1374937
49.8997541,-97.1374937
38.6967833,-76.8477485
39.2037144,-76.8610462
39.1434406,-77.2013705
38.9340002,-76.8966397
39.0398314,-77.0552555
42.5793103,-83.2827093
42.2917069,-85.5872286
42.36837,-83.3527097
42.3857118,-83.3323457
42.4858692,-83.1052028
42.2103174,-83.7241068
46.3483626,-94.2686378
44.7677424,-93.2777226
45.0724642,-93.4557877
44.9530215,-92.9952153
44.0121221,-92.4801989
44.9238552,-92.9593797
38.5969977,-90.5092882
45.7832856,-108.5006904
46.5883707,-112.0245054
45.9635895,-66.6431151
46.0878165,-64.7782313
45.2733153,-66.0633081
35.732652,-78.8502856
35.7795897,-78.6381787
34.2257255,-77.9447102
46.8769487,-96.8999057
41.2523634,-95.9979883
41.1838878,-96.031127
47.5999295,-52.7096336
40.0578384,-74.1371832
40.8584328,-74.1637553
40.8859325,-74.0434736
40.4289526,-74.1650991
40.3016375,-74.7361013
39.695397,-74.2587527
40.3380949,-74.2687291
40.4525163,-74.4766712
40.6301025,-74.4273743
40.8598219,-74.0593075
40.9253725,-74.2765441
40.5123258,-74.8593318
35.0853336,-106.6055534
35.1379172,-106.6369623
35.105273,-106.6453838
44.6652059,-63.5677427
44.6488625,-63.5753196
39.1637984,-119.7674034
36.1776719,-115.0853514
36.0395247,-114.9817213
36.1699412,-115.1398296
39.5296329,-119.8138027
39.5349112,-119.7526886
36.1871005,-115.2956118
40.6781784,-73.9441579
40.7830603,-73.9712488
40.7934322,-73.4151214
41.0887073,-74.013473
40.7255722,-73.8624893
40.9170435,-72.6620402
43.16103,-77.6109219
43.0481221,-76.1474244
40.7556561,-73.5876273
40.9312099,-73.8987469
40.6387141,-73.6401296
41.264778,-81.5131709
39.6283928,-84.1593818
40.0424389,-82.9492025
39.9611755,-82.9987942
41.556996,-83.627157
41.3144966,-81.83569
41.6639383,-83.555212
40.07808,-82.8503665
36.1539816,-95.992775
43.8508553,-79.0203732
43.2177791,-79.9872835
44.3893556,-79.6903316
43.7315479,-79.7624177
43.3255196,-79.7990319
43.732256,-79.493385
43.8561002,-79.3370188
45.4473421,-75.5942867
43.5448048,-80.2481666
45.3088185,-75.8986835
44.2311717,-76.4859544
42.9869502,-81.243177
43.5890452,-79.6441198
43.5890452,-79.6441198
45.3349046,-75.7241006
44.059187,-79.461256
43.8970929,-78.8657912
44.309058,-78.319747
43.8828401,-79.4402808
43.7764258,-79.2317521
43.5890452,-79.6441198
46.522099,-80.9530353
45.4668009,-75.0064249
42.3149367,-83.0363633
43.4642578,-80.5204096
44.0581728,-121.3153096
45.4076205,-122.5703692
45.5230622,-122.6764816
44.2212382,-122.3800718
44.9428975,-123.0350963
45.4312294,-122.7714861
46.1651049,-123.9237557
42.3759586,-122.9164307
40.3451566,-75.9927652
39.8856076,-75.5280085
40.1012856,-75.3835525
40.0378755,-76.3055144
40.2450981,-75.5951827
40.3939581,-79.9119946
40.540989,-75.5626039
18.3849765,-66.1283826
45.6159585,-73.5693509
45.6126338,-73.8383733
45.5913698,-73.4364097
45.4514357,-73.4619103
45.3839341,-73.517445
48.3516735,-71.1385136
45.8802909,-72.4842824
45.4765446,-75.7012723
45.716147,-73.5471039
45.6066487,-73.712409
46.7382265,-71.2464592
45.5338225,-73.6544332
45.4719655,-73.7990191
46.8138783,-71.2079809
45.4009928,-71.8824288
46.7829958,-71.2860696
47.813622,-69.152107
45.775357,-74.004948
46.3726796,-72.74085
45.387367,-74.019453
34.8526176,-82.3940104
33.6890603,-78.8866943
34.9495672,-81.9320482
34.0007104,-81.0348144
43.5445959,-96.7311034
52.109657,-106.700877
52.1332144,-106.6700458
35.8778548,-84.1711345
36.1626638,-86.7816016
32.735687,-97.1080656
30.267153,-97.7430608
30.7095845,-95.3144687
32.6518004,-96.9083366
33.0198431,-96.6988856
32.7554883,-97.3307658
29.7604267,-95.3698028
29.9988312,-95.2621553
29.7846333,-95.626536
33.5778631,-101.8551665
32.7554883,-97.3307658
29.4241219,-98.4936282
29.5635666,-95.2860474
26.1947962,-98.1836216
32.9312336,-96.4597089
30.2029974,-97.8067305
29.5843948,-98.3058463
29.608014,-98.490353
32.9412363,-97.1341783
29.6196787,-95.6349463
29.7857853,-95.8243956
33.0198431,-96.6988856
29.9558598,-95.5459787
27.5255818,-99.43324
33.1506744,-96.8236116
40.3916172,-111.8507662
40.7607793,-111.8910474
40.5621704,-111.929658
40.114955,-111.654923
37.0965278,-113.5684164
40.6916132,-112.0010501
38.8942786,-77.4310992
38.0293059,-78.4766781
37.3770935,-77.5049863
38.6700329,-77.233063
38.7293138,-77.1073859
38.861529,-77.0607637
38.161812,-76.940826
39.0066993,-77.4291298
37.6307265,-77.5439961
47.7556531,-122.3415178
46.4162723,-117.0451581
47.3595592,-122.118012
45.6387281,-122.6614861
47.9789848,-122.2020794
47.3223221,-122.3126222
47.329264,-122.5801293
47.5301011,-122.0326191
47.5301011,-122.0326191
46.2112458,-119.1372338
47.6814875,-122.2087353
47.0342629,-122.8231915
47.8209301,-122.3151313
47.8209301,-122.3151313
48.0517637,-122.1770818
47.6587802,-117.4260466
48.0795365,-123.1018437
47.6445386,-122.6948697
47.4505063,-122.251868
47.6587802,-117.4260466
46.5573492,-120.4750638
48.74908,-122.4781473
47.6739881,-122.121512
44.4778983,-87.9981447
43.3197265,-87.9534226
44.3030737,-88.4474932
43.1788967,-88.1173132
43.0972174,-89.5042876
42.9764027,-88.1084224
43.0542058,-88.2169027
42.5530753,-87.9334118
43.1836046,-89.2137254
45.6159585,-73.5693509
45.404236,-74.0379599
45.404236,-74.0379599
45.404236,-74.0379599
45.2593027,-74.206729
45.6929818,-73.6331102
49.2827291,-123.1207375
46.8083268,-100.7837392
48.5650196,-78.1125205
48.2342362,-79.0187836
45.4719655,-73.7990191
45.6066487,-73.712409
48.886394,-72.215741
46.083474,-73.1847588
47.5820518,-53.2798524
47.5605413,-52.7128315
49.2827291,-123.1207375
48.495156,-71.775918
45.6066487,-73.712409
53.544389,-113.4909267
49.3193375,-124.3136412
46.8138783,-71.2079809
45.6066487,-73.712409
45.5913698,-73.4364097
49.2827291,-123.1207375
45.6066487,-73.712409
45.6066487,-73.712409
45.6810341,-73.4374973
45.6810341,-73.4374973
45.65285,-73.510821
45.5913698,-73.4364097
45.5913698,-73.4364097
45.6066487,-73.712409
45.5913698,-73.4364097
45.5913698,-73.4364097
46.8138783,-71.2079809
45.5016889,-73.567256
50.5659752,-111.8991668
49.054587,-122.328026
49.2193226,-122.598398
49.8879519,-119.4960106
49.8997541,-97.1374937
50.4452112,-104.6188944
48.4284207,-123.3656444
45.2751549,-75.749846
45.4215296,-75.6971931
44.2311717,-76.4859544
45.3088185,-75.8986835
45.4215296,-75.6971931
42.9869502,-81.243177
45.4215296,-75.6971931
43.1393867,-80.2644254
45.4215296,-75.6971931
43.4129238,-80.4771472
43.0189562,-81.2821647
45.4215296,-75.6971931
45.2585131,-75.9207767
42.9869502,-81.243177
43.8975446,-78.9429329
45.379181,-73.5644913
45.6518959,-74.0901696
43.653226,-79.3831843
38.3220633,-75.6202029
35.3340108,-81.8651028
35.2626635,-77.5816353
36.0726354,-79.7919754
36.8354258,-76.2982742
43.2854723,-80.4507835
45.0558574,-77.8548814
43.5609071,-81.6960075
44.5404573,-78.5463692
44.5450019,-79.175644
44.5567024,-78.3500665
43.8363372,-79.8744836
46.7059728,-80.9223682
43.058864,-79.050853
42.8847497,-82.450903
42.9852149,-81.049127
46.386179,-82.650941
44.3681849,-76.618235
44.4344001,-77.885246
43.7924006,-80.1448818
44.9988842,-74.9897993
44.4230281,-78.2714488
44.5743581,-77.4975567
46.31748,-78.702193
46.31748,-78.702193
45.7324125,-82.1673113
43.9177731,-78.5874846
44.5690305,-80.9405602
43.1236091,-79.1989299
43.8975446,-78.9429329
44.0008729,-79.6831472
43.5534346,-81.3934049
44.309058,-78.319747
43.0956545,-79.5494234
44.4948543,-81.3695635
44.4184121,-80.0957297
44.562055,-80.453104
44.7419729,-81.1408344
43.1314966,-80.7471651
43.467517,-79.6876659
43.7761753,-79.609243
43.653226,-79.3831843
43.7315479,-79.7624177
43.3255196,-79.7990319
43.2500208,-79.8660914
48.423604,-71.2395463
43.8079675,-79.4591378
49.2827291,-123.1207375
49.1044302,-122.801094
43.5182991,-79.8774042
44.2266889,-79.453512
42.9869502,-81.243177
42.3149367,-83.0363633
43.5609071,-81.6960075
43.1208326,-79.8044957
43.7315479,-79.7624177
43.7315479,-79.7624177
43.8970929,-78.8657912
45.140603,-76.146546
43.715742,-79.8483763
43.7315479,-79.7624177
44.5007687,-80.2169047
45.0212762,-74.730345
43.5890452,-79.6441198
43.7059522,-80.3778336
45.4215296,-75.6971931
43.653226,-79.3831843
43.653226,-79.3831843
42.0362841,-82.7389809
43.0895577,-79.0849436
43.8561002,-79.3370188
43.9199788,-80.0943113
43.8970929,-78.8657912
43.653226,-79.3831843
42.9681738,-81.2491298
43.653226,-79.3831843
44.1011263,-77.576313
42.3149367,-83.0363633
43.4129238,-80.4771472
45.404236,-74.0379599
45.6306875,-72.9563391
46.8138783,-71.2079809
43.7764258,-79.2317521
43.7615377,-79.4110794
43.8561002,-79.3370188
43.8561002,-79.3370188
43.8741995,-79.7306602
53.544389,-113.4909267
45.4985638,-73.7497567
38.7934466,-77.2716505
55.2568166,-127.672002
44.3893556,-79.6903316
43.1393867,-80.2644254
43.3255196,-79.7990319
43.5448048,-80.2481666
43.2500208,-79.8660914
43.4642578,-80.5204096
48.7786908,-123.7079416
40.7127837,-74.0059413
40.7127837,-74.0059413
40.7127837,-74.0059413
40.7127837,-74.0059413
40.7127837,-74.0059413
40.7127837,-74.0059413
40.7127837,-74.0059413
40.7127837,-74.0059413
40.7127837,-74.0059413
40.7127837,-74.0059413
40.7127837,-74.0059413
40.7127837,-74.0059413
40.7127837,-74.0059413
40.7127837,-74.0059413
40.7127837,-74.0059413
40.7127837,-74.0059413
40.7127837,-74.0059413
40.7127837,-74.0059413
40.7127837,-74.0059413
40.7127837,-74.0059413
40.7127837,-74.0059413
40.7127837,-74.0059413
40.7127837,-74.0059413
40.7127837,-74.0059413
40.7127837,-74.0059413
40.7127837,-74.0059413
40.7127837,-74.0059413
40.7127837,-74.0059413
40.7127837,-74.0059413
40.7127837,-74.0059413
40.7127837,-74.0059413
40.7127837,-74.0059413
48.8166622,-123.5088755
43.732256,-79.493385
46.080952,-72.464782
49.2628382,-122.7810708
47.8209301,-122.3151313
32.4487364,-99.7331439
26.1836854,-98.1230638
27.7522487,-98.0697249
27.9094677,-97.1499898
29.9988306,-95.1765978
29.9988306,-95.1765978
30.267153,-97.7430608
30.267153,-97.7430608
30.267153,-97.7430608
30.267153,-97.7430608
30.267153,-97.7430608
30.267153,-97.7430608
30.267153,-97.7430608
30.267153,-97.7430608
30.267153,-97.7430608
30.267153,-97.7430608
30.267153,-97.7430608
30.267153,-97.7430608
30.267153,-97.7430608
30.267153,-97.7430608
30.267153,-97.7430608
30.267153,-97.7430608
30.267153,-97.7430608
30.267153,-97.7430608
30.267153,-97.7430608
30.267153,-97.7430608
30.267153,-97.7430608
30.267153,-97.7430608
30.267153,-97.7430608
30.267153,-97.7430608
30.267153,-97.7430608
30.267153,-97.7430608
30.267153,-97.7430608
30.267153,-97.7430608
30.267153,-97.7430608
30.267153,-97.7430608
30.267153,-97.7430608
30.1104947,-97.3152701
28.9827565,-95.969402
31.9924131,-97.3829702
30.1890973,-97.9447303
30.080174,-94.1265562
30.080174,-94.1265562
29.6889467,-95.6209893
29.7057858,-95.4588299
31.0560132,-97.464453
30.1692078,-97.8130021
29.7946641,-98.7319703
30.1668828,-96.3977442
25.9017472,-97.4974838
25.9017472,-97.4974838
25.9017472,-97.4974838
25.9017472,-97.4974838
30.6743643,-96.3699632
30.6743643,-96.3699632
30.0817231,-97.8428927
29.7030245,-95.4273222
29.7438332,-98.4530729
33.5470315,-101.044029
32.5420821,-97.3208492
30.7582376,-98.2283585
28.5219292,-99.8606107
32.1573841,-94.3374199
29.585736,-95.1327829
29.585736,-95.1327829
32.3476438,-97.3866837
30.34132,-95.0854885
30.627977,-96.3344068
30.627977,-96.3344068
30.3118769,-95.4560512
30.3118769,-95.4560512
31.124062,-97.9030785
27.8005828,-97.396381
27.8005828,-97.396381
27.8005828,-97.396381
27.8005828,-97.396381
27.8005828,-97.396381
27.8005828,-97.396381
27.8005828,-97.396381
27.8005828,-97.396381
27.8005828,-97.396381
27.8005828,-97.396381
32.0954304,-96.4688727
31.3182359,-95.4566136
29.0938652,-97.2891568
29.9716905,-95.6937856
29.9716905,-95.6937856
32.7766642,-96.7969879
32.7766642,-96.7969879
29.7052284,-95.1238204
30.1902067,-98.0866781
28.7091433,-100.4995214
26.3017374,-98.1633432
26.3017374,-98.1633432
29.1966405,-96.2696867
30.3496528,-97.3702735
26.2934048,-97.9930588
29.1335781,-98.1561192
32.7554883,-97.3307658
30.2752011,-98.8719843
29.5293998,-95.2010447
29.8989705,-95.719929
30.6332618,-97.6779842
29.5016257,-97.4524926
32.4420826,-97.7941967
30.0514393,-95.5828679
29.7084665,-95.3180926
26.1906306,-97.6961026
26.1906306,-97.6961026
26.1906306,-97.6961026
29.7604267,-95.3698028
29.7604267,-95.3698028
29.7604267,-95.3698028
29.7604267,-95.3698028
29.7604267,-95.3698028
29.7604267,-95.3698028
29.7604267,-95.3698028
29.887725,-95.5629984
29.7857853,-95.8243956
29.7857853,-95.8243956
29.8418545,-95.514493
28.8191468,-97.8486123
30.0474332,-99.1403189
30.0474332,-99.1403189
31.1171194,-97.7277959
30.6582405,-98.4405849
27.5158689,-97.856109
30.0575359,-95.1902986
29.9891052,-97.8772267
29.5750107,-95.5787943
29.0338575,-95.4343859
31.063784,-98.1816957
27.5305671,-99.4803241
27.5305671,-99.4803241
27.5305671,-99.4803241
27.5305671,-99.4803241
27.5305671,-99.4803241
27.5305671,-99.4803241
27.5305671,-99.4803241
29.356348,-98.1155633
29.5074538,-95.0949303
30.5788055,-97.8530686
29.66441,-98.630699
30.711029,-94.9329898
29.8849441,-97.6699996
31.3382406,-94.729097
29.6805066,-97.647498
29.233294,-98.7964137
30.7487884,-99.230611
26.2034071,-98.2300124
26.2034071,-98.2300124
26.2034071,-98.2300124
26.2034071,-98.2300124
31.6798895,-96.482203
31.9685988,-99.9018131
31.9685988,-99.9018131
29.740529,-95.4503858
31.9973456,-102.0779146
31.9973456,-102.0779146
26.2159066,-98.3252932
26.2159066,-98.3252932
26.2159066,-98.3252932
29.7030024,-98.1244531
31.8456816,-102.3676431
26.2584053,-98.3180711
26.233406,-98.3708503
29.6910625,-95.2091006
29.5635666,-95.2860474
29.5635666,-95.2860474
28.8921939,-99.095033
30.4393696,-97.6200043
26.1947962,-98.1836216
33.0198431,-96.6988856
28.967194,-98.4786269
26.0734119,-97.2085844
28.6149968,-96.6260892
27.8772463,-97.3238805
26.4814565,-97.783051
28.3052838,-97.2752704
30.1154525,-95.3815108
26.3797874,-98.8203046
29.5703361,-95.6891891
28.0205733,-97.0544341
30.5082551,-97.678896
30.5082551,-97.678896
30.5082551,-97.678896
30.5082551,-97.678896
30.5082551,-97.678896
29.8832749,-97.9413941
31.4637723,-100.4370375
29.4241219,-98.4936282
29.4241219,-98.4936282
29.4241219,-98.4936282
29.4241219,-98.4936282
29.4241219,-98.4936282
29.4241219,-98.4936282
29.4241219,-98.4936282
29.4241219,-98.4936282
29.4241219,-98.4936282
29.4241219,-98.4936282
29.4241219,-98.4936282
29.4241219,-98.4936282
29.4241219,-98.4936282
29.4241219,-98.4936282
29.4241219,-98.4936282
29.4241219,-98.4936282
29.4241219,-98.4936282
29.4241219,-98.4936282
29.4241219,-98.4936282
29.4241219,-98.4936282
29.4241219,-98.4936282
29.4241219,-98.4936282
29.4241219,-98.4936282
29.4241219,-98.4936282
29.4241219,-98.4936282
29.4241219,-98.4936282
29.4241219,-98.4936282
29.4241219,-98.4936282
29.4241219,-98.4936282
29.4241219,-98.4936282
29.4241219,-98.4936282
29.4241219,-98.4936282
29.4241219,-98.4936282
29.4241219,-98.4936282
29.4241219,-98.4936282
29.4241219,-98.4936282
26.132576,-97.6311006
29.7930093,-96.1007929
26.1892409,-98.1552872
29.8832749,-97.9413941
29.5688411,-97.9647269
29.5086303,-95.5254272
30.1373999,-97.7961817
30.1373999,-97.7961817
30.1373999,-97.7961817
30.1373999,-97.7961817
30.1373999,-97.7961817
30.1373999,-97.7961817
30.1373999,-97.7961817
32.9412363,-97.1341783
29.959078,-95.6839312
32.2206958,-98.2022633
30.1024118,-95.5809467
29.6196787,-95.6349463
30.5707551,-97.4094438
31.0982344,-97.342782
31.0982344,-97.342782
29.383845,-94.9027002
30.0971621,-95.6160549
29.9193793,-95.679394
29.2096836,-99.7861679
28.8052674,-97.0035982
28.8052674,-97.0035982
33.4887904,-101.9111849
31.549333,-97.1466695
31.549333,-97.1466695
31.549333,-97.1466695
31.549333,-97.1466695
31.549333,-97.1466695
32.3865312,-96.8483311
26.1595194,-97.9908366
29.7370261,-95.5584173
29.3116366,-96.1027371
29.9974362,-98.0986204
27.5255818,-99.43324
27.5255818,-99.43324
27.5255818,-99.43324
27.5255818,-99.43324
27.5255818,-99.43324
44.2564588,-70.2561671
45.4834758,-75.5010519
43.7615377,-79.4110794
43.7764258,-79.2317521
43.5890452,-79.6441198
43.8372079,-79.508276
33.6676103,-84.0176904
29.7938144,-82.4944226
29.6516344,-82.3248262
47.9252568,-97.0328547
34.0514898,-84.0712997
49.1044302,-122.801094
25.7815621,-100.1875974
52.3227515,-112.7109042
51.0747378,-115.3599592
53.7007157,-113.2094659
52.2681118,-113.8112386
51.0486151,-114.0708459
53.2779625,-110.0061451
53.5412083,-113.2957365
52.3227515,-112.7109042
53.544389,-113.4909267
49.69349,-112.84184
51.1235364,-114.2448432
49.089433,-122.624709
49.054587,-122.328026
50.1163196,-122.9573563
49.2827291,-123.1207375
49.0743308,-122.5593218
49.2827291,-123.1207375
49.054587,-122.328026
49.0743308,-122.5593218
49.3269904,-123.0732801
49.2190648,-122.6895165
49.2827291,-123.1207375
49.0743308,-122.5593218
49.3348973,-123.1667847
49.1665898,-123.133569
49.848471,-99.9500904
49.8997541,-97.1374937
49.8997541,-97.1374937
49.8997541,-97.1374937
49.5285279,-96.691092
49.8997541,-97.1374937
49.8997541,-97.1374937
52.9390014,-66.914216
42.338015,-81.9998367
42.5926445,-82.3882529
43.1513548,-79.3927698
44.223329,-76.650818
44.3255513,-79.8884555
45.2751549,-75.749846
43.1570948,-79.4760133
48.9427877,-88.2614614
42.8847497,-82.450903
43.653226,-79.3831843
45.539935,-77.1010788
42.9017764,-78.9721745
43.3130397,-81.7562242
45.0472004,-78.5068228
43.7315479,-79.7624177
43.5890452,-79.6441198
43.7764258,-79.2317521
43.3794588,-80.7111058
46.3091152,-79.4608204
44.5690305,-80.9405602
45.3473925,-80.034783
44.309058,-78.319747
44.1050454,-78.944148
43.9705861,-79.2442842
44.3093775,-79.3606359
43.1314966,-80.7471651
51.0145968,-93.828916
46.3549799,-62.2518341
46.3549799,-62.2518341
45.865674,-74.0721
47.12095,-71.409135
46.2274055,-72.6191742
46.10339,-72.372299
45.7033702,-73.9294713
46.8457064,-71.3231145
48.441337,-71.059789
45.3565963,-72.9356311
45.5679246,-73.2039469
45.5924997,-73.3426988
46.896612,-71.135413
48.4389803,-68.5349704
45.9046933,-71.3598736
46.3546803,-72.5837866
45.5369442,-73.5107131
45.8940717,-74.157934
45.4857189,-73.5956993
48.5504607,-71.6527704
48.5650196,-78.1125205
46.4099419,-74.8702958
49.2212971,-68.1503944
47.4424059,-70.504084
46.8618466,-72.3954909
46.2245141,-70.7836595
45.3150817,-73.8779033
45.4306269,-73.6348015
45.775357,-74.004948
46.083474,-73.1847588
48.390597,-77.2411674
45.5466368,-75.4843493
47.4084673,-70.3722151
48.4389803,-68.5349704
47.3544494,-79.3521025
45.4514357,-73.4619103
45.3839341,-73.517445
46.3546803,-72.5837866
45.4680498,-73.6729464
45.4391627,-73.2902463
48.349494,-64.6769768
46.8997293,-71.2864748
46.8997293,-71.2864748
45.3601589,-73.7494033
49.9132295,-74.3691986
48.3516735,-71.1385136
48.441337,-71.059789
47.6569684,-70.152187
45.1336856,-71.8039462
45.4130975,-71.6262871
46.8138783,-71.2079809
45.2916257,-74.1746818
45.2062926,-72.7471405
45.8519896,-73.4123978
46.014012,-73.4177961
45.5359505,-73.8069652
45.7532854,-73.4400814
45.6066487,-73.712409
45.3716159,-73.5426529
45.4765446,-75.7012723
46.8997293,-71.2864748
45.5418051,-73.8932108
45.5481132,-73.6247653
45.4895636,-73.8205567
45.4503213,-73.7500485
45.8802909,-72.4842824
46.8087412,-71.3119905
45.4985638,-73.7497567
45.4833711,-71.6583652
45.567473,-73.842222
48.423604,-71.2395463
45.2664863,-72.1479889
45.865674,-74.0721
45.638974,-73.785008
45.4009928,-71.8824288
46.8138783,-71.2079809
46.8615561,-71.1886766
47.161949,-70.862363
46.3546803,-72.5837866
45.4765446,-75.7012723
46.10339,-72.372299
45.7906046,-73.7646627
46.8087412,-71.3119905
45.4009928,-71.8824288
45.567473,-73.842222
45.5401738,-75.867482
45.2831318,-72.9748075
46.7019779,-75.456654
45.4009928,-71.8824288
48.7391752,-69.087641
46.765975,-71.3553918
45.6929818,-73.6331102
48.8316351,-64.4869016
45.4765446,-75.7012723
45.4765446,-75.7012723
45.2664863,-72.1479889
51.2327688,-58.6515444
45.7033702,-73.9294713
45.6929818,-73.6331102
48.3958679,-64.4912636
47.1030919,-70.350007
45.4610142,-73.89036
48.3516735,-71.1385136
45.08672,-74.174698
45.307976,-73.2292489
47.3824101,-61.8843002
45.3933203,-73.9551484
45.4615233,-73.5463761
45.6066487,-73.712409
46.014012,-73.4177961
48.423604,-71.2395463
48.423604,-71.2395463
48.423604,-71.2395463
45.4560415,-73.8623337
45.7906046,-73.7646627
45.2346387,-72.6105335
45.716147,-73.5471039
45.716147,-73.5471039
45.379181,-73.5644913
45.4895636,-73.8205567
45.4159003,-73.4830021
48.805266,-79.2028572
45.6066487,-73.712409
45.6066487,-73.712409
45.6066487,-73.712409
45.6066487,-73.712409
46.5504129,-75.4960308
45.65285,-73.510821
45.4032289,-72.7340662
46.8087412,-71.3119905
46.4176954,-73.0132977
46.7382265,-71.2464592
46.8247304,-71.2287371
45.5369442,-73.5107131
45.5369442,-73.5107131
45.8169245,-74.0059977
46.8712444,-71.3854393
46.8712444,-71.3854393
46.2559944,-72.9432214
45.2664863,-72.1479889
48.136619,-78.127087
45.4610142,-73.89036
45.7773374,-73.6323926
45.5434541,-75.4191703
48.8445157,-67.5305758
45.5488739,-73.2233935
45.3114653,-73.743229
48.4313707,-71.8669391
45.4404215,-73.2459879
45.3565963,-72.9356311
45.3601589,-73.7494033
45.2916257,-74.1746818
45.6071981,-73.6314736
46.5618559,-72.7435254
45.525974,-73.3406679
45.305771,-73.2544903
46.3546803,-72.5837866
48.881683,-72.2321139
48.5856136,-68.190099
46.9801031,-70.5565719
45.5016889,-73.567256
45.9038257,-74.2457451
48.1621177,-65.856769
48.8368644,-72.5278609
45.5016889,-73.567256
46.8138783,-71.2079809
45.5016889,-73.567256
46.3546803,-72.5837866
48.0325931,-65.2526091
45.387367,-74.019453
48.0987106,-77.7967676
48.0987106,-77.7967676
45.4610142,-73.89036
45.5016889,-73.567256
45.5212893,-73.55798
45.5369442,-73.5107131
45.7532854,-73.4400814
46.2194458,-71.7713791
46.3334796,-72.7066087
45.65285,-73.510821
46.7562377,-71.6984316
50.0212524,-66.8760025
45.865674,-74.0721
45.6091844,-73.7777515
45.7532854,-73.4400814
45.7532854,-73.4400814
45.4792331,-74.3022975
48.4389803,-68.5349704
45.657245,-73.567108
47.835957,-69.5359854
48.5187633,-72.2219993
45.5016889,-73.567256
50.2132968,-66.3757921
45.4009928,-71.8824288
45.4009928,-71.8824288
46.042825,-73.112302
45.6518959,-74.0901696
45.656377,-73.300448
49.1223085,-66.5050511
46.6297444,-70.9697098
45.775357,-74.004948
46.613619,-71.512415
45.5218886,-73.2854066
45.6518959,-74.0901696
45.6518959,-74.0901696
45.410364,-73.002159
46.048522,-73.4626679
45.8802909,-72.4842824
46.774711,-71.197048
46.3186706,-74.2218768
47.016164,-70.9465063
47.002378,-71.1942119
46.7829958,-71.2860696
46.7829958,-71.2860696
45.5924997,-73.3426988
46.4390284,-71.0213182
45.2532382,-73.797663
45.6397183,-73.8439099
45.5585489,-73.8960752
48.6517071,-72.4489776
46.168418,-73.429051
46.1229184,-70.670352
46.1229184,-70.670352
45.4767767,-73.5842343
45.4983322,-73.4065074
45.6306875,-72.9563391
47.2153806,-70.2694167
45.305771,-73.2544903
45.775357,-74.004948
46.3093057,-70.8767576
45.533403,-74.006326
45.4920344,-73.5041752
46.5872005,-71.2112063
45.399813,-74.137765
45.344961,-73.309854
45.8802909,-72.4842824
47.12095,-71.409135
46.9669659,-69.7818379
47.5258442,-69.8045791
46.798198,-70.751093
45.2614988,-73.6158635
46.7581417,-71.240463
46.7581417,-71.240463
45.6377669,-73.7615749
46.7288888,-72.5711283
45.2428605,-74.2459569
45.105894,-72.6166646
45.775357,-74.004948
46.1184616,-74.5961852
46.0485628,-74.281603
46.1028329,-71.3055522
45.5016889,-73.567256
50.241814,-63.598569
46.3546803,-72.5837866
46.3546803,-72.5837866
46.8564797,-71.4183418
45.4924486,-72.3149501
45.2500909,-74.1330862
45.5016889,-73.567256
45.387367,-74.019453
45.387367,-74.019453
45.387367,-74.019453
46.0556724,-71.9589559
46.0556724,-71.9589559
45.4306269,-73.6348015
45.949523,-71.9970864
49.1390842,-102.9914807
50.3915811,-105.5348562
34.1014873,-84.5193754
34.4726276,-81.8806562
40.7617653,-73.3292857
45.5016889,-73.567256
46.402735,-72.274846
46.10339,-72.372299
46.10339,-72.372299
48.210855,-70.0693019
47.9808483,-102.4901804
45.5016889,-73.567256
32.8551326,-90.4056468
43.1393867,-80.2644254
52.1332144,-106.6700458
45.5016889,-73.567256
45.5016889,-73.567256
48.5342662,-123.0171242
45.5369442,-73.5107131
49.3237408,-117.6593341
39.2014404,-85.9213796
35.9606384,-83.9207392
45.6126338,-73.8383733
45.8802909,-72.4842824
46.387991,-71.875073
46.0878165,-64.7782313
47.5605413,-52.7128315
45.4215296,-75.6971931
43.8508553,-79.0203732
44.3255513,-79.8884555
44.00648,-79.450396
42.7729381,-80.9828842
45.359564,-75.650785
45.2751549,-75.749846
45.3349046,-75.7241006
43.3616211,-80.3144276
45.3800341,-75.7591788
43.653226,-79.3831843
43.653226,-79.3831843
43.798329,-79.5079073
43.3616211,-80.3144276
43.653226,-79.3831843
43.5890452,-79.6441198
43.653226,-79.3831843
45.3863071,-75.7413386
43.653226,-79.3831843
44.3565742,-78.7407542
42.9869502,-81.243177
43.653226,-79.3831843
43.8561002,-79.3370188
45.3349046,-75.7241006
43.6912006,-79.3416638
43.7315479,-79.7624177
45.3088185,-75.8986835
43.8970929,-78.8657912
43.653226,-79.3831843
43.8828401,-79.4402808
45.4215296,-75.6971931
42.9869502,-81.243177
45.5536614,-73.6628977
45.4651745,-73.6322193
46.8997293,-71.2864748
48.3516735,-71.1385136
45.2062926,-72.7471405
45.3716159,-73.5426529
45.8802909,-72.4842824
45.4765446,-75.7012723
45.4032289,-72.7340662
45.428731,-75.7133658
45.5016889,-73.567256
45.4560415,-73.8623337
45.4306269,-73.6348015
45.5369442,-73.5107131
45.5016889,-73.567256
45.4610142,-73.89036
45.7532854,-73.4400814
45.657245,-73.567108
48.2342362,-79.0187836
45.525974,-73.3406679
45.5585489,-73.8960752
46.1229184,-70.670352
45.6306875,-72.9563391
46.3546803,-72.5837866
48.0987106,-77.7967676
45.387367,-74.019453
45.5369442,-73.5107131
46.0556724,-71.9589559
50.4452112,-104.6188944
53.544389,-113.4909267
49.1665898,-123.133569
43.2500208,-79.8660914
43.2500208,-79.8660914
45.5171336,-75.4060294
44.5895244,-75.6842858
45.4215296,-75.6971931
49.380268,-82.400129
45.3088185,-75.8986835
45.3349046,-75.7241006
45.4473421,-75.5942867
46.3775167,-75.9647519
45.4985638,-73.7497567
45.6159585,-73.5693509
43.2177791,-79.9872835
43.5890452,-79.6441198
44.00648,-79.450396
43.8372079,-79.508276
43.8079675,-79.4591378
43.653226,-79.3831843
43.8561002,-79.3370188
43.7315479,-79.7624177
43.467517,-79.6876659
43.467517,-79.6876659
44.6059438,-80.5936871
43.8372079,-79.508276
43.653226,-79.3831843
43.3255196,-79.7990319
43.653226,-79.3831843
43.5890452,-79.6441198
43.653226,-79.3831843
43.653226,-79.3831843
43.653226,-79.3831843
43.7761753,-79.609243
43.653226,-79.3831843
43.8517618,-79.5272836
43.8561002,-79.3370188
43.5182991,-79.8774042
43.467517,-79.6876659
43.5890452,-79.6441198
43.8828401,-79.4402808
43.7315479,-79.7624177
43.7761753,-79.609243
43.3255196,-79.7990319
43.8372079,-79.508276
43.7761753,-79.609243
43.5890452,-79.6441198
43.653226,-79.3831843
46.2838301,-72.8300629
43.1393867,-80.2644254
31.3112936,-92.4451371
45.6126338,-73.8383733
43.5448048,-80.2481666
45.65285,-73.510821
45.9309787,-74.0247596
47.5359809,-68.5875482
46.3334449,-73.4803624
46.2559944,-72.9432214
45.6929818,-73.6331102
47.161949,-70.862363
48.5187633,-72.2219993
45.167873,-72.039167
46.7562692,-71.8247768
46.270537,-73.771845
45.5020224,-72.9024231
46.718235,-79.10012
48.495156,-71.775918
48.4284207,-123.3656444
39.7219882,-85.8891471
41.4278257,-85.7524895
39.8289369,-84.8902382
40.0455917,-86.0085955
41.079273,-85.1393513
39.9975414,-85.7466439
41.6763545,-86.2519898
41.6819935,-85.9766671
41.6763545,-86.2519898
41.5822716,-85.8344383
41.2381,-85.8530469
41.5822716,-85.8344383
41.6763545,-86.2519898
41.4428253,-86.0013875
41.6619927,-86.1586156
41.7533819,-86.1108377
41.6763545,-86.2519898
41.6819935,-85.9766671
40.7607793,-111.8910474
40.7607793,-111.8910474
41.0602216,-111.9710529
41.1107771,-112.0260538
41.1616108,-112.0263313
41.1107771,-112.0260538
40.3916172,-111.8507662
40.7607793,-111.8910474
37.6774769,-113.0618931
40.5307776,-112.29828
41.2516113,-112.0254973
41.0602216,-111.9710529
40.8485564,-111.9068824
34.2542084,-110.0298327
34.6100243,-112.315721
40.5621704,-111.929658
34.5286443,-112.4538964
40.7607793,-111.8910474
38.9577407,-111.859925
40.7607793,-111.8910474
34.1425438,-109.9603843
40.7607793,-111.8910474
41.223,-111.9738304
35.189443,-114.0530065
40.7607793,-111.8910474
41.2971651,-112.0277203
41.2029998,-112.0510533
34.2308684,-111.3251355
34.9022482,-110.1581768
39.5296329,-119.8138027
43.6460672,-108.2120432
44.8374532,-108.3895614
44.4891239,-108.0562132
41.792447,-110.5376692
43.6724119,-111.914968
46.8138783,-71.2079809
45.4765446,-75.7012723
48.423604,-71.2395463
45.8802909,-72.4842824
46.3546803,-72.5837866
50.2132968,-66.3757921
48.5504607,-71.6527704
48.5504607,-71.6527704
48.5504607,-71.6527704
48.5650196,-78.1125205
48.4646053,-67.4311915
45.4306269,-73.6348015
45.7741034,-71.9367197
45.4765446,-75.7012723
47.4424059,-70.504084
49.2212971,-68.1503944
46.8615561,-71.1886766
45.5679246,-73.2039469
45.5913698,-73.4364097
45.5913698,-73.4364097
45.4514357,-73.4619103
45.4514357,-73.4619103
45.5864086,-75.4168654
46.3622521,-72.5067098
45.4391627,-73.2902463
46.8997293,-71.2864748
45.3601589,-73.7494033
49.9132295,-74.3691986
48.3516735,-71.1385136
45.775357,-74.004948
45.6066487,-73.712409
45.5016889,-73.567256
46.6755659,-71.734894
45.4503213,-73.7500485
45.8802909,-72.4842824
46.8138783,-71.2079809
45.5369442,-73.5107131
45.567473,-73.842222
45.4765446,-75.7012723
45.4032289,-72.7340662
45.4009928,-71.8824288
46.10339,-72.372299
45.428731,-75.7133658
46.10339,-72.372299
48.423604,-71.2395463
47.4383405,-72.7839311
48.3382712,-70.8825737
45.5801342,-70.8881
45.441347,-73.6885847
45.6520586,-74.3398015
45.7906046,-73.7646627
45.4159003,-73.4830021
45.4306269,-73.6348015
48.805266,-79.2028572
46.8138783,-71.2079809
46.8087412,-71.3119905
46.8087412,-71.3119905
46.7382265,-71.2464592
45.5016889,-73.567256
46.3775167,-75.9647519
45.7773374,-73.6323926
45.5016889,-73.567256
48.8445157,-67.5305758
48.5856136,-68.190099
46.9801031,-70.5565719
46.1184616,-74.5961852
48.1621177,-65.856769
45.5016889,-73.567256
45.366389,-73.9846212
46.2194458,-71.7713791
45.65285,-73.510821
45.4719655,-73.7990191
45.4009928,-71.8824288
45.7532854,-73.4400814
45.665822,-72.147921
48.4389803,-68.5349704
45.4548269,-73.5698729
47.835957,-69.5359854
48.2342362,-79.0187836
46.5618559,-72.7435254
46.5618559,-72.7435254
46.042825,-73.112302
48.156944,-70.0344439
51.2327688,-58.6515444
45.379181,-73.5644913
46.0485628,-74.281603
47.016164,-70.9465063
46.7829958,-71.2860696
45.5585489,-73.8960752
46.1229184,-70.670352
45.4983322,-73.4065074
45.6306875,-72.9563391
45.305771,-73.2544903
46.10339,-72.372299
45.545096,-73.762375
46.7581417,-71.240463
45.6929818,-73.6331102
46.1028329,-71.3055522
46.3546803,-72.5837866
48.0987106,-77.7967676
46.8564797,-71.4183418
45.2500909,-74.1330862
45.4548269,-73.5698729
46.7382265,-71.2464592
53.544389,-113.4909267
45.6159585,-73.5693509
45.6159585,-73.5693509
61.2180556,-149.9002778
49.2827291,-123.1207375
51.0486151,-114.0708459
45.416456,-73.9160797
45.4215296,-75.6971931
45.3349046,-75.7241006
45.4215296,-75.6971931
45.4215296,-75.6971931
45.3349046,-75.7241006
45.4215296,-75.6971931
45.4983322,-73.4065074
45.6066487,-73.712409
46.8138783,-71.2079809
48.4646053,-67.4311915
45.5016889,-73.567256
45.5585489,-73.8960752
48.3516735,-71.1385136
45.5016889,-73.567256
46.8138783,-71.2079809
46.3506215,-72.4350552
46.014012,-73.4177961
45.4983322,-73.4065074
45.4548269,-73.5698729
46.083474,-73.1847588
48.3516735,-71.1385136
46.042825,-73.112302
46.0447377,-73.7106121
46.3186706,-74.2218768
46.233843,-73.529825
45.5913698,-73.4364097
48.881683,-72.2321139
47.3544494,-79.3521025
45.2852479,-72.6872419
47.6572544,-68.895014
45.3839341,-73.517445
47.714588,-70.050081
45.39582,-73.5657429
48.102021,-66.1220639
46.8138783,-71.2079809
45.1024875,-73.7606125
45.7249153,-73.491324
46.7382265,-71.2464592
45.886285,-75.056772
46.0485628,-74.281603
45.4765446,-75.7012723
45.4514357,-73.4619103
45.4391627,-73.2902463
46.8138783,-71.2079809
45.5359505,-73.8069652
46.5572597,-72.1132159
45.4306269,-73.6348015
46.5504129,-75.4960308
45.5369442,-73.5107131
45.5016889,-73.567256
46.8138783,-71.2079809
48.5504607,-71.6527704
48.5504607,-71.6527704
48.5504607,-71.6527704
45.65285,-73.510821
46.0306409,-74.2062837
45.6688961,-73.8728751
45.6397183,-73.8439099
45.775357,-74.004948
45.5016889,-73.567256
45.5016889,-73.567256
45.6929818,-73.6331102
45.2428605,-74.2459569
46.3546803,-72.5837866
46.3546803,-72.5837866
46.7382265,-71.2464592
46.6755659,-71.734894
46.6014767,-70.8656172
46.7829958,-71.2860696
46.8564797,-71.4183418
45.4765446,-75.7012723
45.4765446,-75.7012723
46.8063093,-71.3570091
51.2327688,-58.6515444
49.1245778,-66.4892861
45.4032289,-72.7340662
45.4985638,-73.7497567
45.7596011,-73.8151201
45.5016889,-73.567256
46.7829958,-71.2860696
45.6377669,-73.7615749
45.5913698,-73.4364097
46.3546803,-72.5837866
46.3992103,-70.5054567
45.5801342,-70.8881
45.3555544,-71.9738966
47.3648759,-70.0336736
45.4306269,-73.6348015
46.5392679,-71.6320142
45.4765446,-75.7012723
45.4326294,-73.1602036
45.6929818,-73.6331102
46.297243,-72.110739
45.5369442,-73.5107131
46.2559944,-72.9432214
46.8163363,-71.223587
45.8525076,-76.7330564
45.5016889,-73.567256
46.09272,-76.053301
48.992241,-64.383984
45.8519896,-73.4123978
45.7532854,-73.4400814
45.5585489,-73.8960752
46.3622521,-72.5067098
48.8445157,-67.5305758
45.6810341,-73.4374973
45.5125819,-73.6468307
46.8435879,-71.343789
46.8997293,-71.2864748
48.423604,-71.2395463
45.6192843,-75.0190977
45.6397183,-73.8439099
45.6066487,-73.712409
45.366389,-73.9846212
45.1211111,-72.9874466
45.2664863,-72.1479889
45.4009928,-71.8824288
46.5618559,-72.7435254
45.4719655,-73.7990191
46.0447377,-73.7106121
45.5016889,-73.567256
45.5016889,-73.567256
45.555293,-73.189867
45.4983322,-73.4065074
48.4389803,-68.5349704
47.835957,-69.5359854
45.3555544,-71.9738966
45.65285,-73.510821
46.042825,-73.112302
46.183928,-73.6929849
45.775357,-74.004948
45.952109,-74.1360289
45.39582,-73.5657429
45.5924997,-73.3426988
45.6091844,-73.7777515
45.6397183,-73.8439099
46.6330643,-71.3084039
45.5585489,-73.8960752
46.168418,-73.429051
46.266667,-73.3833329
46.1229184,-70.670352
47.161949,-70.862363
46.8893368,-71.8338439
45.8940717,-74.157934
46.7288888,-72.5711283
45.6929818,-73.6331102
45.5971928,-75.2432687
48.1192674,-69.1652622
46.3546803,-72.5837866
46.8564797,-71.4183418
45.691964,-75.680643
45.404236,-74.0379599
45.773338,-73.3527469
46.8138783,-71.2079809
48.3516735,-71.1385136
45.4983322,-73.4065074
45.6066487,-73.712409
46.8138783,-71.2079809
48.4646053,-67.4311915
45.5016889,-73.567256
45.5585489,-73.8960752
48.3516735,-71.1385136
45.5016889,-73.567256
46.8138783,-71.2079809
46.3506215,-72.4350552
46.014012,-73.4177961
45.4983322,-73.4065074
45.4548269,-73.5698729
46.083474,-73.1847588
48.3516735,-71.1385136
46.042825,-73.112302
46.0447377,-73.7106121
46.3186706,-74.2218768
46.233843,-73.529825
45.5913698,-73.4364097
48.881683,-72.2321139
47.3544494,-79.3521025
45.2852479,-72.6872419
47.6572544,-68.895014
45.3839341,-73.517445
47.714588,-70.050081
45.39582,-73.5657429
48.102021,-66.1220639
46.8138783,-71.2079809
45.1024875,-73.7606125
45.7249153,-73.491324
46.7382265,-71.2464592
45.886285,-75.056772
46.0485628,-74.281603
45.4765446,-75.7012723
45.4514357,-73.4619103
45.4391627,-73.2902463
46.8138783,-71.2079809
45.5359505,-73.8069652
46.5572597,-72.1132159
45.4306269,-73.6348015
46.5504129,-75.4960308
45.5369442,-73.5107131
45.5016889,-73.567256
46.8138783,-71.2079809
48.5504607,-71.6527704
48.5504607,-71.6527704
48.5504607,-71.6527704
45.65285,-73.510821
46.0306409,-74.2062837
45.6688961,-73.8728751
45.6397183,-73.8439099
45.775357,-74.004948
45.5016889,-73.567256
45.5016889,-73.567256
45.6929818,-73.6331102
45.2428605,-74.2459569
46.3546803,-72.5837866
46.3546803,-72.5837866
46.7382265,-71.2464592
46.6755659,-71.734894
46.6014767,-70.8656172
46.7829958,-71.2860696
46.8564797,-71.4183418
45.4765446,-75.7012723
45.4765446,-75.7012723
46.8063093,-71.3570091
51.2327688,-58.6515444
49.1245778,-66.4892861
45.4032289,-72.7340662
45.4985638,-73.7497567
45.7596011,-73.8151201
45.5016889,-73.567256
46.7829958,-71.2860696
45.6377669,-73.7615749
45.5913698,-73.4364097
46.3546803,-72.5837866
46.3992103,-70.5054567
45.5801342,-70.8881
45.3555544,-71.9738966
47.3648759,-70.0336736
45.4306269,-73.6348015
46.5392679,-71.6320142
45.4765446,-75.7012723
45.4326294,-73.1602036
45.6929818,-73.6331102
46.297243,-72.110739
45.5369442,-73.5107131
46.2559944,-72.9432214
46.8163363,-71.223587
45.8525076,-76.7330564
45.5016889,-73.567256
46.09272,-76.053301
48.992241,-64.383984
45.8519896,-73.4123978
45.7532854,-73.4400814
45.5585489,-73.8960752
46.3622521,-72.5067098
48.8445157,-67.5305758
45.6810341,-73.4374973
45.5125819,-73.6468307
46.8435879,-71.343789
46.8997293,-71.2864748
48.423604,-71.2395463
45.6192843,-75.0190977
45.6397183,-73.8439099
45.6066487,-73.712409
45.366389,-73.9846212
45.1211111,-72.9874466
45.2664863,-72.1479889
45.4009928,-71.8824288
46.5618559,-72.7435254
45.4719655,-73.7990191
46.0447377,-73.7106121
45.5016889,-73.567256
45.5016889,-73.567256
45.555293,-73.189867
45.4983322,-73.4065074
48.4389803,-68.5349704
47.835957,-69.5359854
45.3555544,-71.9738966
45.65285,-73.510821
46.042825,-73.112302
46.183928,-73.6929849
45.775357,-74.004948
45.952109,-74.1360289
45.39582,-73.5657429
45.5924997,-73.3426988
45.6091844,-73.7777515
45.6397183,-73.8439099
46.6330643,-71.3084039
45.5585489,-73.8960752
46.168418,-73.429051
46.266667,-73.3833329
46.1229184,-70.670352
47.161949,-70.862363
46.8893368,-71.8338439
45.8940717,-74.157934
46.7288888,-72.5711283
45.6929818,-73.6331102
45.5971928,-75.2432687
48.1192674,-69.1652622
46.3546803,-72.5837866
46.8564797,-71.4183418
45.691964,-75.680643
45.404236,-74.0379599
45.773338,-73.3527469
46.8138783,-71.2079809
48.3516735,-71.1385136
43.8561002,-79.3370188
45.6518959,-74.0901696
45.4985638,-73.7497567
43.467517,-79.6876659
45.6306875,-72.9563391
43.7315479,-79.7624177
54.4425721,-124.2510475
46.2652367,-96.6059072
49.3269904,-123.0732801
49.1044302,-122.801094
49.8879519,-119.4960106
49.2827291,-123.1207375
49.2488091,-122.9805104
49.7016339,-123.1558121
50.1163196,-122.9573563
49.2827291,-123.1207375
49.2757019,-123.1199065
53.544389,-113.4909267
53.544389,-113.4909267
51.0498087,-113.8233018
51.1909883,-114.4678603
51.0486151,-114.0708459
49.69349,-112.84184
52.83307,-110.8504696
52.2177838,-113.810419
51.0486151,-114.0708459
52.3227515,-112.7109042
51.0486151,-114.0708459
52.9695353,-113.3772454
49.2628382,-122.7810708
56.252423,-120.846409
49.2827291,-123.1207375
49.1044302,-122.801094
49.1044302,-122.801094
49.6735133,-124.9282659
49.2837626,-122.7932065
49.2827291,-123.1207375
49.1044302,-122.801094
49.2827291,-123.1207375
50.5064562,-116.0291433
54.0632737,-128.6369607
49.0743308,-122.5593218
49.3269904,-123.0732801
55.7596274,-120.2376623
49.2338882,-124.8055494
50.7001034,-119.2838443
49.0965676,-117.7117301
49.8997541,-97.1374937
49.8997541,-97.1374937
47.1650754,-55.1555299
43.8372079,-79.508276
49.7670416,-94.4893924
43.1393867,-80.2644254
43.653226,-79.3831843
43.8801764,-79.3174485
43.653226,-79.3831843
43.653226,-79.3831843
43.3616211,-80.3144276
43.6339088,-80.041322
43.8970929,-78.8657912
43.7315479,-79.7624177
43.8508553,-79.0203732
43.653226,-79.3831843
44.3255513,-79.8884555
43.653226,-79.3831843
43.3616211,-80.3144276
43.9593373,-78.1677363
43.1393867,-80.2644254
43.5890452,-79.6441198
43.5890452,-79.6441198
45.086733,-74.977445
43.6956787,-79.4503544
42.1726977,-82.818899
43.8975446,-78.9429329
43.3794588,-80.7111058
42.9869502,-81.243177
43.5448048,-80.2481666
46.386179,-82.650941
44.3008813,-79.6114973
43.7615377,-79.4110794
44.1752954,-81.6365715
43.3616211,-80.3144276
44.2311717,-76.4859544
42.9869502,-81.243177
42.9869502,-81.243177
43.8372079,-79.508276
44.749516,-79.8921923
44.2148382,-76.964306
43.9177731,-78.5874846
44.059187,-79.461256
43.9021887,-79.6526997
46.3091152,-79.4608204
43.1940203,-80.3844996
45.4473421,-75.5942867
42.7865225,-80.2032779
43.2500208,-79.8660914
43.6204946,-79.5131983
44.656621,-79.264346
43.5890452,-79.6441198
43.9705861,-79.2442842
43.2272182,-79.7195586
42.2643968,-82.4292312
43.2500208,-79.8660914
42.3149367,-83.0363633
43.1314966,-80.7471651
44.00648,-79.450396
52.1332144,-106.6700458
52.7764752,-108.2974555
49.1390842,-102.9914807
45.5016889,-73.567256
45.305771,-73.2544903
45.9004959,-73.6630326
45.4767767,-73.5842343
45.5642046,-72.7127314
48.0987106,-77.7967676
43.653226,-79.3831843
49.69349,-112.84184
53.548701,-113.76261
58.8050174,-122.697236
54.2334148,-125.763613
54.0632737,-128.6369607
51.6439705,-121.2950097
49.5040452,-115.063065
58.8050174,-122.697236
51.2961188,-116.9631367
49.0300946,-118.4451392
49.6651567,-115.9967206
54.0632737,-128.6369607
50.2398537,-117.8011055
50.7208228,-127.4966666
52.9817372,-122.4949058
49.7344685,-114.8796552
52.1416736,-122.1416885
54.3150367,-130.3208187
43.3255196,-79.7990319
45.5016889,-73.567256
45.6066487,-73.712409
38.5581072,-91.0120878
38.5581072,-91.0120878
45.4306269,-73.6348015
50.322028,-122.8050498
40.0064958,-75.7032742
41.8781136,-87.6297982
41.7500323,-87.8042216
45.4895636,-73.8205567
46.521858,-84.3460896
45.6126338,-73.8383733
50.241814,-63.598569
45.5016889,-73.567256
48.423604,-71.2395463
46.3546803,-72.5837866
46.2657181,-81.771057
43.1393867,-80.2644254
43.1393867,-80.2644254
43.6204946,-79.5131983
43.653226,-79.3831843
45.0558574,-77.8548814
43.7297044,-79.7242189
43.1393867,-80.2644254
43.7764258,-79.2317521
43.5705788,-79.6109049
43.1593745,-79.2468626
43.3616211,-80.3144276
45.140603,-76.146546
43.9109352,-78.7884468
42.3149367,-83.0363633
43.7059522,-80.3778336
43.6502046,-79.9036236
43.7764258,-79.2317521
43.5890452,-79.6441198
43.5448048,-80.2481666
45.6071264,-74.604189
45.3269323,-79.2167539
43.7315479,-79.7624177
43.7615377,-79.4110794
44.2266889,-79.453512
44.2311717,-76.4859544
42.2355411,-83.1024769
43.8372079,-79.508276
43.8517618,-79.5272836
43.1393867,-80.2644254
45.4215296,-75.6971931
43.7764258,-79.2317521
44.059187,-79.461256
44.1627589,-77.3832315
43.467517,-79.6876659
44.1011263,-77.576313
43.9199788,-80.0943113
45.4834758,-75.5010519
43.643832,-79.442534
43.2500208,-79.8660914
43.2500208,-79.8660914
42.7777214,-81.1826527
43.3255196,-79.7990319
43.8970929,-78.8657912
43.653226,-79.3831843
43.7315479,-79.7624177
43.4129238,-80.4771472
43.8975446,-78.9429329
42.3149367,-83.0363633
43.5890452,-79.6441198
45.0558574,-77.8548814
43.6004074,-80.5629846
44.3893556,-79.6903316
43.9631607,-78.9571069
43.3616211,-80.3144276
43.9109352,-78.7884468
44.1011263,-77.576313
42.9869502,-81.243177
43.5890452,-79.6441198
45.6071264,-74.604189
44.2266889,-79.453512
43.1593745,-79.2468626
43.8517618,-79.5272836
43.9199788,-80.0943113
43.7615377,-79.4110794
43.7764258,-79.2317521
43.4129238,-80.4771472
43.653226,-79.3831843
43.653226,-79.3831843
43.8970929,-78.8657912
43.8975446,-78.9429329
43.7315479,-79.7624177
43.5890452,-79.6441198
43.413212,-81.706099
44.2311717,-76.4859544
43.1393867,-80.2644254
44.1627589,-77.3832315
43.653226,-79.3831843
42.3149367,-83.0363633
42.2355411,-83.1024769
42.3149367,-83.0363633
43.8975446,-78.9429329
43.3255196,-79.7990319
42.974536,-82.4065901
43.2500208,-79.8660914
43.6956787,-79.4503544
42.7777214,-81.1826527
43.8384117,-79.0867579
43.467517,-79.6876659
43.7315479,-79.7624177
43.165434,-81.8546647
44.1011263,-77.576313
45.362818,-75.793873
42.25,-82.683333
43.4642578,-80.5204096
43.8079675,-79.4591378
43.653226,-79.3831843
44.059187,-79.461256
44.059187,-79.461256
45.4215296,-75.6971931
39.114053,-94.6274636
39.0527942,-94.2089138
39.0911161,-94.4155068
39.0911161,-94.4155068
39.0169509,-94.2816148
49.191484,-122.8455741
49.0743308,-122.5593218
49.1665898,-123.133569
49.2488091,-122.9805104
49.2488091,-122.9805104
49.2827291,-123.1207375
49.1044302,-122.801094
49.1665898,-123.133569
49.0253085,-122.802962
49.191484,-122.8455741
49.2488091,-122.9805104
49.3269904,-123.0732801
45.5016889,-73.567256
46.8138783,-71.2079809
45.6470539,-72.5650634
45.5016889,-73.567256
45.3945087,-75.8439603
45.416456,-73.9160797
49.2212971,-68.1503944
45.5517018,-73.5836271
46.8615561,-71.1886766
45.6688961,-73.8728751
45.5913698,-73.4364097
46.7382265,-71.2464592
45.6066487,-73.712409
46.8997293,-71.2864748
46.072217,-73.891667
45.2916257,-74.1746818
45.4503213,-73.7500485
48.239142,-79.128396
45.4094955,-71.849187
48.7391752,-69.087641
45.4009928,-71.8824288
45.4765446,-75.7012723
45.4765446,-75.7012723
46.8997293,-71.2864748
45.428731,-75.7133658
45.4615233,-73.5463761
45.4009928,-71.8824288
45.4580751,-73.5885627
45.4610142,-73.89036
45.4032289,-72.7340662
45.7531515,-73.4702879
45.6071981,-73.6314736
46.7382265,-71.2464592
45.5369442,-73.5107131
45.6703587,-73.7888447
45.7773374,-73.6323926
46.7829958,-71.2860696
48.886394,-72.215741
45.472406,-73.6202589
45.5125819,-73.6468307
46.834418,-71.353233
45.4610142,-73.89036
48.01602,-66.684453
50.0212524,-66.8760025
45.5016889,-73.567256
45.5016889,-73.567256
47.835957,-69.5359854
48.2342362,-79.0187836
50.2132968,-66.3757921
45.5016889,-73.567256
46.7708135,-71.26542
46.042825,-73.112302
45.8940717,-74.157934
45.7596011,-73.8151201
45.5016889,-73.567256
45.5924997,-73.3426988
46.6330643,-71.3084039
46.1229184,-70.670352
46.1229184,-70.670352
45.305771,-73.2544903
45.8524432,-73.7572393
47.5258442,-69.8045791
46.8893368,-71.8338439
45.8940717,-74.157934
46.718235,-79.10012
46.1028329,-71.3055522
46.3546803,-72.5837866
48.0987106,-77.7967676
45.6810341,-73.4374973
45.5016889,-73.567256
45.5699075,-72.0067825
28.5383355,-81.3792365
42.9921579,-79.2482555
43.653226,-79.3831843
46.153353,-71.254338
30.267153,-97.7430608
30.267153,-97.7430608
48.4284207,-123.3656444
48.4284207,-123.3656444
50.0331226,-125.2733354
49.6841391,-124.9904493
49.1658836,-123.9400647
49.8352352,-124.5247062
49.3482346,-124.4428262
40.8259007,-74.2090053
45.5016889,-73.567256
45.5369442,-73.5107131
45.8940717,-74.157934
45.5016889,-73.567256
45.4032289,-72.7340662
45.5016889,-73.567256
45.39582,-73.5657429
45.387367,-74.019453
43.6502046,-79.9036236
45.4215296,-75.6971931
53.544389,-113.4909267
53.544389,-113.4909267
53.2779625,-110.0061451
51.0486151,-114.0708459
53.544389,-113.4909267
56.7263796,-111.3803407
53.6304753,-113.625642
51.2917005,-114.0143635
51.0486151,-114.0708459
51.0486151,-114.0708459
51.0486151,-114.0708459
50.0405486,-110.6764258
52.2681118,-113.8112386
53.5412083,-113.2957365
53.5427846,-113.9033672
51.0486151,-114.0708459
51.0486151,-114.0708459
53.544389,-113.4909267
49.054587,-122.328026
49.1279438,-122.8622395
49.3269904,-123.0732801
49.2488091,-122.9805104
49.2488091,-122.9805104
49.2837626,-122.7932065
50.0331226,-125.2733354
49.4991381,-119.5937077
49.1044302,-122.801094
49.1665898,-123.133569
49.054587,-122.328026
53.9170641,-122.7496693
49.1579401,-121.9514666
49.6841391,-124.9904493
49.0952155,-123.0264759
48.7786908,-123.7079416
49.2827291,-123.1207375
49.1044302,-122.801094
50.674522,-120.3272674
49.8879519,-119.4960106
49.0743308,-122.5593218
49.2827291,-123.1207375
49.2488091,-122.9805104
50.2670137,-119.2720107
49.8313652,-119.6281931
48.4284207,-123.3656444
49.2837626,-122.7932065
49.8997541,-97.1374937
49.8997541,-97.1374937
49.848471,-99.9500904
49.8997541,-97.1374937
49.8997541,-97.1374937
49.8997541,-97.1374937
48.3808951,-89.2476823
42.974536,-82.4065901
43.8508553,-79.0203732
43.7764258,-79.2317521
43.4129238,-80.4771472
42.8372632,-80.3040424
45.3088185,-75.8986835
46.522099,-80.9530353
43.467517,-79.6876659
43.467517,-79.6876659
43.8970929,-78.8657912
44.309058,-78.319747
42.95542,-81.6232333
43.2500208,-79.8660914
52.1332144,-106.6700458
53.2033494,-105.7530705
50.4452112,-104.6188944
50.4452112,-104.6188944
51.2174482,-102.4739331
50.3915811,-105.5348562
60.7211871,-135.0568449
49.1665898,-123.133569
39.0558235,-95.6890185
39.0558235,-95.6890185
36.328486,-77.5894199
45.5016889,-73.567256
42.2011538,-85.5800022
46.7329456,-65.4271623
41.7508391,-88.1535352
41.7958639,-87.9756175
41.6303103,-87.8539425
41.5200305,-88.2017293
38.7395681,-89.6712281
41.8251047,-87.6176022
43.1788967,-88.1173132
41.9575285,-88.0809036
42.0333623,-87.8833991
41.8800296,-88.0078435
41.7958639,-87.9756175
42.1933581,-87.8664579
45.6066487,-73.712409
45.4895636,-73.8205567
42.0333623,-87.8833991
41.6619927,-86.1586156
41.5822716,-85.8344383
53.4158291,-113.4588238
55.1699396,-118.7986152
56.7263796,-111.3803407
53.6062534,-113.6303576
51.0486151,-114.0708459
53.544389,-113.4909267
53.544389,-113.4909267
51.0486151,-114.0708459
53.5427846,-113.9033672
53.5957845,-113.5708019
51.0486151,-114.0708459
53.5412083,-113.2957365
53.5412083,-113.2957365
56.7263796,-111.3803407
53.544389,-113.4909267
53.544389,-113.4909267
53.5412083,-113.2957365
53.544389,-113.4909267
53.6304753,-113.625642
53.6304753,-113.625642
52.2681118,-113.8112386
53.544389,-113.4909267
56.7263796,-111.3803407
55.1699396,-118.7986152
51.0747378,-115.3599592
53.544389,-113.4909267
52.2681118,-113.8112386
53.544389,-113.4909267
53.4287393,-113.4517156
53.544389,-113.4909267
49.69349,-112.84184
53.544389,-113.4909267
52.2681118,-113.8112386
53.6304753,-113.625642
53.6304753,-113.625642
53.5412083,-113.2957365
49.0952155,-123.0264759
49.0955401,-116.5135079
49.1329272,-122.3261603
53.9170641,-122.7496693
49.8879519,-119.4960106
49.054587,-122.328026
49.0580516,-122.470667
54.782355,-127.1685541
49.2827291,-123.1207375
50.0331226,-125.2733354
49.1579401,-121.9514666
49.1658836,-123.9400647
49.5129678,-115.7694002
49.2193226,-122.598398
56.252423,-120.846409
53.9170641,-122.7496693
49.1665898,-123.133569
49.2827291,-123.1207375
49.8558641,-119.4925127
49.2488091,-122.9805104
49.2057179,-122.910956
49.1279438,-122.8622395
49.3269904,-123.0732801
49.2827291,-123.1207375
49.2628382,-122.7810708
49.8352352,-124.5247062
53.9170641,-122.7496693
50.7001034,-119.2838443
49.0952155,-123.0264759
51.0486151,-114.0708459
49.7016339,-123.1558121
49.054587,-122.328026
49.1665898,-123.133569
49.2827291,-123.1207375
50.2670137,-119.2720107
49.0743308,-122.5593218
49.8313652,-119.6281931
48.4592626,-123.3767223
49.0743308,-122.5593218
49.1044302,-122.801094
54.3150367,-130.3208187
49.2488091,-122.9805104
49.1044302,-122.801094
51.6439705,-121.2950097
50.674522,-120.3272674
49.0900961,-123.0819988
49.1617648,-122.9163209
49.1658836,-123.9400647
49.1658836,-123.9400647
49.0952155,-123.0264759
53.9170641,-122.7496693
52.9817372,-122.4949058
48.4592626,-123.3767223
54.5181925,-128.603154
52.1416736,-122.1416885
49.0743308,-122.5593218
49.2837626,-122.7932065
49.0955401,-116.5135079
58.8050174,-122.697236
49.6651567,-115.9967206
50.2398537,-117.8011055
50.7208228,-127.4966666
54.3150367,-130.3208187
49.7344685,-114.8796552
50.674522,-120.3272674
60.261111,-134.770833
50.2670137,-119.2720107
49.5040452,-115.063065
49.0580516,-122.470667
49.1044302,-122.801094
50.0230786,-124.9824965
49.1279438,-122.8622395
49.2488091,-122.9805104
49.5129678,-115.7694002
49.1044302,-122.801094
49.2193226,-122.598398
51.6439705,-121.2950097
50.674522,-120.3272674
49.8879519,-119.4960106
49.2193226,-122.598398
49.0952155,-123.0264759
49.2827291,-123.1207375
49.2193226,-122.598398
49.2827291,-123.1207375
49.2057179,-122.910956
49.2628382,-122.7810708
49.1579401,-121.9514666
49.1329272,-122.3261603
49.1658836,-123.9400647
49.1658836,-123.9400647
49.1579401,-121.9514666
49.4928119,-117.2948343
50.0331226,-125.2733354
49.8313652,-119.6281931
49.2628382,-122.7810708
49.4991381,-119.5937077
53.9170641,-122.7496693
52.9817372,-122.4949058
48.4284207,-123.3656444
48.4592626,-123.3767223
49.7016339,-123.1558121
49.8879519,-119.4960106
54.5181925,-128.603154
49.0743308,-122.5593218
49.8352352,-124.5247062
50.2670137,-119.2720107
49.3269904,-123.0732801
49.2827291,-123.1207375
49.2488091,-122.9805104
49.2837626,-122.7932065
49.1044302,-122.801094
49.1579401,-121.9514666
49.1115339,-122.7349425
49.2488091,-122.9805104
49.2488091,-122.9805104
49.1044302,-122.801094
49.0743308,-122.5593218
49.3269904,-123.0732801
49.2827291,-123.1207375
49.1044302,-122.801094
49.2890842,-123.1224997
49.2827291,-123.1207375
48.9301648,-123.7344814
53.9170641,-122.7496693
49.1044302,-122.801094
49.0743308,-122.5593218
49.1658836,-123.9400647
48.4284207,-123.3656444
49.1658836,-123.9400647
49.4928119,-117.2948343
54.5181925,-128.603154
50.4452112,-104.6188944
29.5957696,-90.7195348
29.5957696,-90.7195348
29.5957696,-90.7195348
29.5957696,-90.7195348
29.5957696,-90.7195348
29.5957696,-90.7195348
29.5957696,-90.7195348
29.5957696,-90.7195348
29.5957696,-90.7195348
29.5957696,-90.7195348
29.5957696,-90.7195348
29.5957696,-90.7195348
29.5957696,-90.7195348
29.5957696,-90.7195348
29.5957696,-90.7195348
29.5957696,-90.7195348
29.5957696,-90.7195348
29.5957696,-90.7195348
29.5957696,-90.7195348
29.5957696,-90.7195348
29.5957696,-90.7195348
29.5957696,-90.7195348
29.5957696,-90.7195348
29.5957696,-90.7195348
29.5957696,-90.7195348
29.5957696,-90.7195348
29.5957696,-90.7195348
29.5957696,-90.7195348
29.5957696,-90.7195348
29.5957696,-90.7195348
29.5957696,-90.7195348
29.5957696,-90.7195348
29.5957696,-90.7195348
29.5957696,-90.7195348
29.5957696,-90.7195348
29.5957696,-90.7195348
29.5957696,-90.7195348
42.9869502,-81.243177
44.3083541,-77.7977003
46.3775167,-75.9647519
39.0954484,-121.5521858
45.0212762,-74.730345
43.7315479,-79.7624177
43.7315479,-79.7624177
33.9319578,-117.9461734
33.660297,-117.9992265
33.8703596,-117.9242966
34.0852868,-117.9608978
37.6624312,-121.8746789
33.9319578,-117.9461734
33.660297,-117.9992265
33.8703596,-117.9242966
34.0852868,-117.9608978
37.6624312,-121.8746789
46.522099,-80.9530353
49.8997541,-97.1374937
53.544389,-113.4909267
51.0486151,-114.0708459
53.544389,-113.4909267
51.1909883,-114.4678603
51.0486151,-114.0708459
53.7007157,-113.2094659
53.544389,-113.4909267
53.2779625,-110.0061451
51.0486151,-114.0708459
51.0486151,-114.0708459
53.5412083,-113.2957365
50.7254936,-113.9749472
51.0486151,-114.0708459
52.3227515,-112.7109042
53.544389,-113.4909267
51.0486151,-114.0708459
49.69349,-112.84184
52.2681118,-113.8112386
51.0486151,-114.0708459
53.544389,-113.4909267
49.848471,-99.9500904
49.8997541,-97.1374937
49.8997541,-97.1374937
49.8997541,-97.1374937
49.8997541,-97.1374937
49.8997541,-97.1374937
46.0954436,-64.8006727
46.0954436,-64.8006727
45.2733153,-66.0633081
45.2733153,-66.0633081
47.5306597,-52.8873992
44.6488625,-63.5753196
44.6488625,-63.5753196
45.5567766,-62.6603903
43.3130397,-81.7562242
49.7800938,-92.8369592
43.653226,-79.3831843
42.8372632,-80.3040424
44.3255513,-79.8884555
43.7315479,-79.7624177
43.653226,-79.3831843
43.7315479,-79.7624177
43.8508553,-79.0203732
46.3091152,-79.4608204
44.1539514,-79.8691544
42.1013779,-83.1086977
43.2177791,-79.9872835
44.00648,-79.450396
43.653226,-79.3831843
43.1393867,-80.2644254
43.4642578,-80.5204096
44.0422599,-77.7368828
43.033599,-82.25246
43.467517,-79.6876659
43.3255196,-79.7990319
43.3616211,-80.3144276
43.9351662,-78.6075637
43.8079675,-79.4591378
43.1393867,-80.2644254
43.653226,-79.3831843
43.8372079,-79.508276
43.8372079,-79.508276
44.3255513,-79.8884555
43.467517,-79.6876659
44.3893556,-79.6903316
43.467517,-79.6876659
43.6339088,-80.041322
43.1314966,-80.7471651
43.4129238,-80.4771472
43.4642578,-80.5204096
43.4642578,-80.5204096
43.8372079,-79.508276
43.3616211,-80.3144276
43.2177791,-79.9872835
43.1393867,-80.2644254
44.3893556,-79.6903316
46.3091152,-79.4608204
42.4048028,-82.1910378
43.653226,-79.3831843
43.3255196,-79.7990319
44.00648,-79.450396
43.7764258,-79.2317521
43.467517,-79.6876659
43.5890452,-79.6441198
43.8372079,-79.508276
45.2751549,-75.749846
44.0422599,-77.7368828
43.8975446,-78.9429329
43.4129238,-80.4771472
43.8384117,-79.0867579
43.1570948,-79.4760133
42.3149367,-83.0363633
43.0072008,-81.2546366
43.7315479,-79.7624177
43.8561002,-79.3370188
42.25,-82.683333
45.3088185,-75.8986835
43.4642578,-80.5204096
42.3117966,-82.8857592
43.1940203,-80.3844996
42.8865204,-79.2508558
43.0895577,-79.0849436
42.9921579,-79.2482555
43.2500208,-79.8660914
43.5890452,-79.6441198
43.7315479,-79.7624177
42.1013779,-83.1086977
43.0453349,-79.2854491
44.5370197,-78.7361328
43.8508553,-79.0203732
44.3008813,-79.6114973
43.7315479,-79.7624177
43.6204946,-79.5131983
42.9017764,-78.9721745
42.8658879,-80.7333175
42.338015,-81.9998367
43.8970929,-78.8657912
45.4834758,-75.5010519
44.1539514,-79.8691544
43.9199788,-80.0943113
44.1752954,-81.6365715
42.9035374,-79.6170044
43.653226,-79.3831843
43.653226,-79.3831843
43.5890452,-79.6441198
44.5370197,-78.7361328
43.4129238,-80.4771472
43.3247102,-79.9030371
43.0453349,-79.2854491
43.653226,-79.3831843
43.467517,-79.6876659
43.1593745,-79.2468626
43.1593745,-79.2468626
44.919643,-79.3741834
43.1942126,-79.5624195
43.4129238,-80.4771472
43.8828401,-79.4402808
45.3088185,-75.8986835
44.1752954,-81.6365715
43.6204946,-79.5131983
43.4642578,-80.5204096
45.3088185,-75.8986835
43.8561002,-79.3370188
45.2203397,-75.4659944
43.5890452,-79.6441198
43.9021887,-79.6526997
43.0072008,-81.2546366
43.7315479,-79.7624177
43.4642578,-80.5204096
43.9199788,-80.0943113
43.8970929,-78.8657912
42.9869502,-81.243177
43.653226,-79.3831843
43.1940203,-80.3844996
42.4048018,-82.1910376
45.3473925,-80.034783
44.0073128,-77.1423692
42.8865204,-79.2508558
43.653226,-79.3831843
43.2272182,-79.7195586
43.6204946,-79.5131983
43.653226,-79.3831843
43.2500208,-79.8660914
42.974536,-82.4065901
42.9921579,-79.2482555
43.653226,-79.3831843
42.25,-82.683333
43.3700007,-80.9822286
42.3117966,-82.8857592
42.8658879,-80.7333175
43.653226,-79.3831843
43.9199788,-80.0943113
45.4215296,-75.6971931
43.4642578,-80.5204096
45.8266513,-77.1108826
43.8975446,-78.9429329
43.1314966,-80.7471651
43.8828401,-79.4402808
45.5016889,-73.567256
46.3546803,-72.5837866
48.2342362,-79.0187836
46.8138783,-71.2079809
49.1245778,-66.4892861
48.4389803,-68.5349704
50.4452112,-104.6188944
50.3915811,-105.5348562
52.1332144,-106.6700458
50.4452112,-104.6188944
52.1332144,-106.6700458
45.5640416,-73.1790126
43.2500208,-79.8660914
43.5890452,-79.6441198
49.2827291,-123.1207375
61.2180556,-149.9002778
41.5472547,-89.1175851
39.0911161,-94.4155068
35.6869752,-105.937799
53.544389,-113.4909267
42.9869502,-81.243177
42.974536,-82.4065901
45.3088185,-75.8986835
45.4896835,-73.5851404
45.6688961,-73.8728751
45.5913698,-73.4364097
45.5913698,-73.4364097
45.4514357,-73.4619103
46.8138783,-71.2079809
45.3601589,-73.7494033
45.2062926,-72.7471405
45.6066487,-73.712409
45.5016889,-73.567256
45.567473,-73.842222
48.8316351,-64.4869016
45.4765446,-75.7012723
45.4032289,-72.7340662
45.4853584,-73.4786541
45.428731,-75.7133658
46.014012,-73.4177961
48.423604,-71.2395463
45.4560415,-73.8623337
45.6520586,-74.3398015
45.4159003,-73.4830021
45.4306269,-73.6348015
45.8781705,-73.2848829
45.5369442,-73.5107131
48.4389803,-68.5349704
47.835957,-69.5359854
45.5369442,-73.5107131
46.042825,-73.112302
45.6518959,-74.0901696
45.7596011,-73.8151201
46.8444519,-71.615226
46.7829958,-71.2860696
45.5585489,-73.8960752
46.1229184,-70.670352
45.6306875,-72.9563391
45.9479888,-73.5705135
45.6929818,-73.6331102
45.6929818,-73.6331102
46.1028329,-71.3055522
46.3546803,-72.5837866
45.2500909,-74.1330862
45.404236,-74.0379599
45.2664863,-72.1479889
45.4032289,-72.7340662
46.7382265,-71.2464592
48.5856136,-68.190099
45.344961,-73.309854
46.2835212,-96.0777887
44.8504317,-93.7876429
49.2157833,-122.9132633
45.6066487,-73.712409
40.6781784,-73.9441579
53.544389,-113.4909267
53.5114948,-113.6450474
49.2488091,-122.9805104
49.2827291,-123.1207375
49.2188455,-123.0913375
49.3348973,-123.1667847
49.1665898,-123.133569
49.1665898,-123.133569
49.1665898,-123.133569
43.653226,-79.3831843
43.8079675,-79.4591378
43.8561002,-79.3370188
45.4215296,-75.6971931
43.5890452,-79.6441198
43.7764258,-79.2317521
43.7764258,-79.2317521
43.653226,-79.3831843
45.416456,-73.9160797
43.653226,-79.3831843
45.5016889,-73.567256
48.4284207,-123.3656444
48.6502411,-123.399005
49.6841391,-124.9904493
49.3269904,-123.0732801
49.1658836,-123.9400647
49.0952155,-123.0264759
48.4284207,-123.3656444
49.054587,-122.328026
49.2057179,-122.910956
49.1658836,-123.9400647
48.7786908,-123.7079416
49.1044302,-122.801094
49.3193375,-124.3136412
48.4592626,-123.3767223
44.6453738,-85.7676077
47.7556531,-122.3415178
45.6159585,-73.5693509
47.735928,-122.6465372
46.137036,-73.510266
49.1044302,-122.801094
35.6528323,-97.4780954
49.2827291,-123.1207375
49.8879519,-119.4960106
49.2827291,-123.1207375
49.2827291,-123.1207375
49.2757019,-123.1199065
46.2128391,-70.4790446
37.7749295,-122.4194155
45.5913698,-73.4364097
43.653226,-79.3831843
43.6204946,-79.5131983
43.3215935,-80.8357505
49.1579401,-121.9514666
45.4370028,-73.0516391
50.2670137,-119.2720107
45.441347,-73.6885847
45.6306875,-72.9563391
45.7741034,-71.9367197
45.305771,-73.2544903
45.387367,-74.019453
43.8561002,-79.3370188
42.893517,-81.351455
44.059187,-79.461256
44.1094028,-79.1204998
45.6518959,-74.0901696
43.5182991,-79.8774042
43.5890452,-79.6441198
45.6066487,-73.712409
51.2116449,-78.8183597
43.2122851,-77.4299939
51.0486151,-114.0708459
41.0814447,-81.5190053
47.610377,-122.2006786
37.8715926,-122.272747
37.8715926,-122.272747
40.6781784,-73.9441579
49.2488091,-122.9805104
36.9752283,-121.953293
30.505198,-97.8202888
37.9779776,-122.0310733
37.3229978,-122.0321823
38.5449065,-121.7405167
38.6779591,-121.1760583
37.8857582,-122.1180201
45.4206749,-122.6706498
37.3852183,-122.1141298
37.9060368,-122.5449763
43.5890452,-79.6441198
38.2975381,-122.286865
38.1074198,-122.5697032
37.8043637,-122.2711137
43.7764258,-79.2317521
47.6739881,-122.121512
39.5296329,-119.8138027
38.7521235,-121.2880059
32.715738,-117.1610838
37.7749295,-122.4194155
37.7749295,-122.4194155
37.7749295,-122.4194155
37.7749295,-122.4194155
37.7749295,-122.4194155
37.3382082,-121.8863286
37.3382082,-121.8863286
37.3541079,-121.9552356
36.9741171,-122.0307963
34.0194543,-118.4911912
38.440429,-122.7140548
47.6062095,-122.3320708
34.0869409,-118.2702036
38.291859,-122.4580356
39.2107874,-84.3699767
45.4312294,-122.7714861
41.6639383,-83.555212
34.09751,-117.6483876
49.2827291,-123.1207375
37.9100783,-122.0651819
48.4138796,-123.3163268
53.544389,-113.4909267
49.8997541,-97.1374937
43.0116784,-88.2314813
42.6827885,-89.0187222
43.0730517,-89.4012302
44.8046825,-91.4432148
43.4129238,-80.4771472
52.2681118,-113.8112386
49.7016339,-123.1558121
50.674522,-120.3272674
49.2827291,-123.1207375
49.2827291,-123.1207375
49.2827291,-123.1207375
49.0743308,-122.5593218
49.4741736,-123.7545601
62.4539717,-114.3717886
45.2585131,-75.9207767
49.6880184,-83.6669552
45.3111798,-74.6367158
45.2255655,-76.1940598
45.4215296,-75.6971931
44.8988097,-76.2485592
45.0389565,-79.3078787
45.2585131,-75.9207767
45.140603,-76.146546
45.0212762,-74.730345
45.275646,-75.275411
46.2657181,-81.771057
45.3269323,-79.2167539
43.0381628,-80.884049
45.3088185,-75.8986835
45.0163884,-75.645947
46.4365557,-81.1465746
45.3349046,-75.7241006
44.8988097,-76.2485592
44.309058,-78.319747
43.8384117,-79.0867579
43.949164,-78.2934616
44.709294,-75.518972
42.764201,-80.844412
45.4215296,-75.6971931
45.5483729,-75.2916118
44.903748,-76.0216189
46.522099,-80.9530353
52.1332144,-106.6700458
52.1332144,-106.6700458
60.7211871,-135.0568449
45.2611,-93.45
43.0115385,-88.2316115
44.3893556,-79.6903316
44.120221,-79.561908
42.4048018,-82.1910376
44.3893556,-79.6903316
43.617407,-80.216472
43.1593745,-79.2468626
43.7428345,-81.7138942
43.5448048,-80.2481666
43.3616211,-80.3144276
43.4129238,-80.4771472
43.7334165,-80.9514698
44.749516,-79.8921923

42.3149367,-83.0363633
43.4129238,-80.4771472
42.7777214,-81.1826527
44.7493744,-79.3340482
42.9921579,-79.2482555
42.3149367,-83.0363633
45.5369442,-73.5107131
45.5230622,-122.6764816
